-60 0 0 0
-56 0 0 0
-54 0 0 0
-52 0 0 0
-50 0 0 0
-48 0 0 0
-46 0 0 0
-44 0 0 0
-42 0 0 0
-40 0 0 0
-38 0 0 0
-36 0 0 0
-34 0 0 0
-32 0 0 0
-30 0 0 0
-28 0 0 0
-26 0 0 0
-24 0 0 0
-22 0 0 0
-20 0 0.0001 2.85714e-06
-18 0 0.0002 1.66667e-05
-16 0 0.0004 9.28571e-05
-14 0 0.0012 0.000355814
-12 0.0001 0.004 0.0011902
-10 0.0005 0.0095 0.00327551
-8 0.0015 0.021 0.00775345
-6 0.0043 0.0391 0.0170138
-4 0.01 0.0773 0.0333569
-2 0.0209 0.1299 0.0601969
0 0.0382 0.1857 0.101066
2 0.0657 0.2662 0.154741
4 0.0982 0.3981 0.227706
6 0.1528 0.4961 0.313001
8 0.2503 0.5863 0.408563
10 0.3291 0.6832 0.514037
12 0.4041 0.8097 0.613333
14 0.5249 0.8586 0.707998
16 0.5954 0.9082 0.789194
18 0.7321 0.9407 0.855518
20 0.8012 0.9641 0.908008
22 0.8556 0.9903 0.944328
24 0.8975 0.9935 0.968073
26 0.9544 0.9968 0.983276
28 0.9685 0.9992 0.991567
30 0.9825 0.9998 0.99637
32 0.9903 1 0.998476
34 0.9975 1 0.999474
36 0.9985 1 0.999824
38 0.9996 1 0.999957
40 0.9998 1 0.999989
