-49 0 0 0 (4,4,4,4,4,0) (4,4,4,4,4,0)
-45 0 0 0 (3,4,4,4,4,0) (3,4,4,4,4,0)
-43 0 0 0 (4,3,4,4,4,0) (4,3,4,4,4,0)
-41 0 0 0 (4,4,3,4,4,0) (4,4,3,4,4,0)
-39 0 0 0 (4,4,4,3,4,0) (4,4,4,3,4,0)
-38 0 0 0 (4,4,4,4,3,0) (4,4,4,4,3,0)
-37 0 0 0 (3,4,3,4,4,0) (3,4,3,4,4,0)
-35 0 0 0 (3,4,4,3,4,0) (3,4,4,3,4,0)
-34 0 0 0 (3,4,4,4,3,0) (3,4,4,4,3,0)
-33 0 0 0 (2,4,3,4,4,0) (2,4,3,4,4,0)
-32 0 0 0 (4,3,4,4,3,0) (4,3,4,4,3,0)
-31 0 0 0 (3,3,3,4,4,0) (3,3,3,4,4,0)
-30 0 0 0 (4,4,3,4,3,0) (4,4,3,4,3,0)
-29 0 0 0 (4,4,4,3,3,0) (4,4,4,3,3,0)
-28 0 0 0 (3,3,4,4,3,0) (3,3,4,4,3,0)
-27 0 0 0 (4,4,4,4,2,0) (4,4,4,4,2,0)
-26 0 0 0 (3,4,3,4,3,0) (3,4,3,4,3,0)
-25 0 0 0 (3,4,4,3,3,0) (3,4,4,3,3,0)
-24 0 0 0 (4,3,3,4,3,0) (4,3,3,4,3,0)
-23 0 0 0 (3,4,4,4,2,0) (3,4,4,4,2,0)
-22 0 0 0 (2,4,3,4,3,0) (2,4,3,4,3,0)
-21 0 0 0 (4,3,4,4,2,0) (4,3,4,4,2,0)
-20 0 0 0 (4,1,4,4,3,0) (4,1,4,4,3,0)
-19 0 0 0 (4,4,3,4,2,0) (4,4,3,4,2,0)
-18 0 0 0 (4,4,4,3,2,0) (4,4,4,3,2,0)
-17 0 0 0 (3,3,4,4,2,0) (3,3,4,4,2,0)
-16 0 0 0 (4,4,4,4,1,0) (4,4,4,4,1,0)
-15 0 0 0 (3,4,3,4,2,0) (3,4,3,4,2,0)
-14 0 0 0 (3,4,4,3,2,0) (3,4,4,3,2,0)
-13 0 0 0 (2,3,4,4,2,0) (2,3,4,4,2,0)
-12 0 0 0 (3,4,4,4,1,0) (3,4,4,4,1,0)
-11 0 0 0 (3,2,4,4,2,0) (3,2,4,4,2,0)
-10 0 0.0001 6.25e-06 (4,3,4,4,1,0) (0,0,4,4,4,0)
-9 0 0.0002 3.2e-05 (4,4,3,4,1,0) (0,3,3,4,3,0)
-8 0 0.0002 6.47059e-05 (2,4,4,4,1,0) (4,2,3,4,2,0)
-7 0 0.0003 0.000104167 (2,3,3,3,3,0) (2,4,1,4,3,0)
-6 0 0.0008 0.000195455 (3,3,4,4,1,0) (0,2,2,4,4,0)
-5 0.0001 0.0014 0.000433333 (3,4,3,4,1,0) (0,2,3,3,4,0)
-4 0.0001 0.0015 0.0007 (4,4,3,0,4,0) (1,3,3,3,3,0)
-3 0.0008 0.0033 0.00182 (4,4,2,3,2,0) (1,2,1,4,4,0)
-2 0.0009 0.0047 0.00247143 (4,1,4,2,3,0) (2,3,2,2,4,0)
-1 0.0017 0.0099 0.00473846 (4,4,3,2,2,0) (0,1,2,4,4,0)
0 0.0025 0.0198 0.00859048 (3,3,4,1,3,0) (0,2,1,4,4,0)
1 0.0095 0.026 0.0165054 (4,3,3,0,4,0) (1,4,0,3,4,0)
2 0.0121 0.0361 0.0230714 (3,4,4,0,3,0) (1,1,1,4,4,0)
3 0.0208 0.0532 0.0346838 (3,2,4,0,4,0) (0,2,2,4,3,0)
4 0.0214 0.0804 0.0442441 (4,3,4,0,3,0) (0,0,2,4,4,0)
5 0.042 0.1001 0.06722 (4,1,4,0,4,0) (1,2,1,3,4,0)
6 0.0436 0.1249 0.0825371 (4,4,3,0,3,0) (0,0,3,3,4,0)
7 0.068 0.1653 0.118845 (4,4,3,1,2,0) (0,0,3,4,3,0)
8 0.0938 0.1961 0.134836 (3,3,4,0,3,0) (0,2,0,4,4,0)
9 0.0916 0.2609 0.183798 (4,4,4,0,2,0) (0,4,4,4,0,0)
10 0.1344 0.2653 0.2096 (4,2,4,0,3,0) (1,2,3,2,3,0)
11 0.1534 0.348 0.267451 (4,4,4,1,1,0) (2,0,0,4,4,0)
12 0.2572 0.3922 0.306885 (2,3,4,0,3,0) (0,0,1,4,4,0)
13 0.2476 0.498 0.366195 (3,4,4,0,2,0) (0,1,0,4,4,0)
14 0.3312 0.5032 0.417083 (3,2,4,0,3,0) (0,3,1,3,3,0)
15 0.3301 0.5979 0.467964 (4,3,4,0,2,0) (0,3,4,4,0,0)
16 0.4026 0.6077 0.535698 (4,4,3,0,2,0) (2,1,0,4,3,0)
17 0.4931 0.6852 0.58057 (4,1,4,1,2,0) (0,4,3,4,0,0)
18 0.5109 0.7342 0.649253 (4,4,3,1,1,0) (0,1,2,3,3,0)
19 0.5699 0.8019 0.679793 (3,3,4,0,2,0) (0,0,0,4,4,0)
20 0.5952 0.8257 0.745169 (4,4,4,0,1,0) (0,3,0,2,4,0)
21 0.6702 0.8708 0.773535 (4,3,2,1,2,0) (0,2,4,4,0,0)
22 0.7325 0.8863 0.830798 (4,3,3,0,2,0) (2,3,2,4,0,0)
23 0.7985 0.9169 0.850238 (2,3,4,0,2,0) (1,1,4,4,0,0)
24 0.798 0.9443 0.890233 (4,4,2,0,2,0) (0,4,2,4,0,0)
25 0.8543 0.9476 0.909604 (4,1,3,1,2,0) (2,0,4,4,0,0)
26 0.8512 0.9714 0.933354 (4,4,2,1,1,0) (1,3,2,4,0,0)
27 0.8999 0.9805 0.948558 (4,4,3,0,1,0) (0,1,4,4,0,0)
28 0.9291 0.9885 0.962859 (2,4,4,0,1,0) (0,0,0,3,4,0)
29 0.9496 0.9897 0.974547 (3,3,4,0,1,0) (1,0,4,4,0,0)
30 0.9542 0.9943 0.980527 (3,4,2,1,1,0) (1,1,3,4,0,0)
31 0.9698 0.9955 0.988046 (4,2,4,0,1,0) (0,3,0,2,3,0)
32 0.9707 0.9992 0.990885 (4,4,1,0,2,0) (0,0,4,4,0,0)
33 0.982 0.9984 0.995081 (4,3,3,0,1,0) (0,0,1,4,2,0)
34 0.9907 0.9998 0.996231 (4,0,4,1,1,0) (0,1,3,4,0,0)
35 0.9903 1 0.997985 (4,4,2,0,1,0) (1,0,0,3,3,0)
36 0.9957 1 0.998715 (4,3,0,1,2,0) (4,3,4,0,0,0)
37 0.9974 0.9999 0.999323 (3,3,3,0,1,0) (1,4,1,3,0,0)
38 0.9987 1 0.999563 (2,3,2,0,2,0) (4,4,3,0,0,0)
39 0.9989 1 0.999807 (4,3,1,1,1,0) (3,3,3,1,0,0)
40 0.9994 1 0.999912 (4,1,0,3,1,0) (3,3,4,0,0,0)
41 0.9993 1 0.99992 (4,4,0,1,1,0) (1,4,3,1,0,0)
42 0.9999 1 0.999982 (4,4,1,0,1,0) (3,4,3,0,0,0)
43 0.9999 1 0.999991 (2,4,2,0,1,0) (2,3,3,1,0,0)
44 0.9999 1 0.999994 (4,0,0,2,2,0) (4,3,3,0,0,0)
45 1 1 1 (0,4,3,1,0,0) (0,4,3,1,0,0)
46 1 1 1 (4,4,2,0,0,0) (4,4,2,0,0,0)
47 0.9999 1 0.999997 (2,2,3,0,1,0) (2,1,4,1,0,0)
48 1 1 1 (3,3,3,0,0,0) (3,3,3,0,0,0)
49 1 1 1 (0,2,4,1,0,0) (0,2,4,1,0,0)
50 1 1 1 (3,4,2,0,0,0) (3,4,2,0,0,0)
51 1 1 1 (4,3,2,0,0,0) (4,3,2,0,0,0)
52 1 1 1 (4,4,0,1,0,0) (4,4,0,1,0,0)
